4294967278,227
4294967278,223
4294967279,375
4294967279,374
4294967279,373
4294967278,221
4294967278,219
4294967279,371
310,4
310,3
310,2
310,1
309,4
309,3
309,2
309,1
308,4
308,3
308,2
308,1
4294967278,215
4294967278,383
4294967278,382
4294967279,365
307,4
307,3
307,2
307,1
306,4
306,3
306,2
306,1
4294967279,364
4294967278,380
305,4
305,3
305,2
305,1
304,4
304,3
304,2
304,1
303,4
303,3
303,2
303,1
302,4
302,3
302,2
302,1
4294967278,379
4294967279,361
4294967279,360
4294967279,357
4294967278,378
4294967279,354
301,4
301,3
301,2
301,1
300,4
300,3
300,2
300,1
274,11
274,10
274,9
274,5
274,8
274,7
274,6
299,4
299,3
299,2
299,1
298,6
298,5
298,4
298,3
298,2
298,1
4294967294,489
297,4
297,3
297,2
297,1
4294967279,353
296,4
296,3
296,2
296,1
295,4
295,3
295,2
295,1
4294967278,376
294,4
294,3
294,2
294,1
4294967294,1102
293,4
293,3
293,2
293,1
4294967294,1118
292,4
292,3
292,2
292,1
291,4
291,3
291,2
291,1
290,4
290,3
290,2
290,1
289,4
289,3
289,2
289,1
288,4
288,3
288,2
288,1
287,4
287,3
287,2
287,1
286,4
286,3
286,2
286,1
285,4
285,3
285,2
285,1
284,4
284,3
284,2
284,1
4294967294,412
283,4
283,3
283,2
283,1
282,4
282,3
282,2
282,1
4294967294,488
281,4
281,3
281,2
281,1
4294967294,1117
280,4
280,3
280,2
280,1
4294967294,952
279,4
279,3
279,2
279,1
278,4
278,3
278,2
278,1
277,4
277,3
277,2
277,1
4294967294,1116
276,4
276,3
276,2
276,1
275,4
275,3
275,2
275,1
274,4
274,3
274,2
274,1
273,4
273,3
273,2
273,1
272,4
272,3
272,2
272,1
271,4
271,3
271,2
271,1
270,4
270,3
270,2
270,1
269,4
269,3
269,2
269,1
4294967294,956
268,4
268,3
268,2
268,1
4294967278,374
4294967278,372
4294967279,348
267,4
267,3
267,2
267,1
4294967278,368
4294967278,366
266,4
266,3
266,2
266,1
4294967294,1101
4294967279,339
265,4
265,3
265,2
265,1
264,4
264,3
264,2
264,1
4294967279,336
4294967278,364
4294967279,335
263,4
263,3
263,2
263,1
262,4
262,3
262,2
262,1
261,4
261,3
261,2
261,1
4294967294,973
260,4
260,3
260,2
260,1
259,4
259,3
259,2
259,1
4294967294,487
4294967278,363
4294967279,331
4294967279,330
258,4
258,3
258,2
258,1
257,4
257,3
257,2
257,1
4294967294,1115
256,4
256,3
256,2
256,1
4294967294,1100
4294967294,1099
4294967278,359
4294967279,329
4294967278,358
4294967279,328
4294967279,327
4294967278,356
4294967279,326
219,12
4294967278,355
4294967278,354
23,24
23,23
23,22
23,21
23,20
23,19
23,18
23,17
23,16
23,15
23,14
23,13
23,12
4294967279,324
4294967278,352
4294967279,319
4294967279,314
4294967278,351
255,4
255,3
255,2
255,1
254,4
254,3
254,2
254,1
253,4
253,3
253,2
253,1
4294967279,312
23,11
23,10
23,9
4294967279,311
23,8
4294967279,310
4294967279,309
4294967279,307
4294967279,306
4294967278,350
4294967278,349
4294967278,347
4294967279,304
4294967278,345
23,7
4294967278,343
23,6
23,5
252,5
252,4
252,3
252,2
252,1
4294967279,303
251,5
251,4
251,3
251,2
251,1
250,4
250,3
250,2
250,1
4294967278,339
4294967294,486
4294967278,337
249,4
249,3
249,2
249,1
248,4
248,3
248,2
248,1
247,4
247,3
247,2
247,1
246,4
246,3
246,2
246,1
4294967294,957
245,4
245,3
245,2
245,1
244,4
244,3
244,2
244,1
4294967294,1098
4294967294,1092
243,4
243,3
243,2
243,1
242,4
242,3
242,2
242,1
241,4
241,3
241,2
241,1
240,4
240,3
240,2
240,1
239,4
239,3
239,2
239,1
4294967294,951
238,4
238,3
238,2
238,1
237,4
237,3
237,2
237,1
236,4
236,3
236,2
236,1
235,4
235,3
235,2
235,1
4294967294,485
234,4
234,3
234,2
234,1
233,4
233,3
233,2
233,1
232,4
232,3
232,2
232,1
231,4
231,3
231,2
231,1
4294967294,1097
4294967279,302
4294967279,442
4294967294,1096
4294967294,1095
4294967278,335
4294967294,1093
4294967279,352
230,4
230,3
230,2
230,1
4294967294,1114
229,4
229,3
229,2
229,1
228,4
228,3
228,2
228,1
227,4
227,3
227,2
227,1
4294967279,300
4294967278,333
226,5
226,4
226,3
226,2
226,1
225,5
225,4
225,3
225,2
225,1
4294967294,484
224,5
224,4
224,3
224,2
